-1
-1
-4
-4
-3
-1
-1
-1
-1
-1
-2
-1
-2
-2
-1
-1
-1
0
-1
-1
0
-1
0
-1
0
-1
0
-1
-2
-2
0
-1
-1
-2
-1
0
-1
-1
-2
-2
-1
-2
-3
0
-8
-5
-9
-2
-1
-1
-1
-5
-7
-8
-9
-4
-4
-3
-4
-7
-8
-8
-4
-4
-2
-3
0
-8
-4
-2
-2
-4
-5
0
-8
-1
-2
-3
-2
-2
-1
-2
-5
-5
0
-4
-3
-3
-2
-4
-3
-3
-2
-2
-1
-1
-1
-1
-2
-2
0
-3
-1
0
0
-1
-1
-2
-1
-1
0
1
1
0
1
3
2
3
0
3
1
2
5
6
4
3
1
0
1
2
3
5
3
5
2
1
2
1
4
2
4
1
1
1
1
2
2
3
1
1
0
1
0
1
1
0
0
0
0
0
0
0
-1
0
0
0
-1
-1
-1
-1
-1
0
0
-2
0
-1
-1
0
-1
-1
-1
0
-1
-2
-1
-3
-4
-3
-1
-2
-4
-4
-6
-5
-6
-5
-4
-4
-4
-4
-4
-4
-6
-5
-7
0
-8
-5
-9
-11
-14
-8
-6
-2
-3
-1
-4
-3
-1
-1
-1
-1
-2
-5
0
-9
-1
-1
-2
-3
-4
-4
-5
-3
-3
-2
0
-5
-2
-2
-1
-1
-2
0
-4
-1
-1
0
-5
-3
-1
-3
-3
-1
-1
-2
-1
-1
-2
-3
-6
0
-4
-1
-3
-6
-8
-9
-8
-7
-4
-4
-6
-8
-9
-9
-7
-2
-3
-5
-3
-7
-7
-5
-6
-6
-10
-7
-7
-7
-5
-6
-5
-6
-6
-6
-5
-7
-12
-11
-10
-8
-11
0
-16
-8
-9
-7
-9
-10
-9
-10
-7
-5
-5
-7
-6
-10
-9
-8
-6
-5
-5
-4
-4
-3
-2
-1
-2
-5
-6
-6
-3
-4
0
-8
-3
-2
-3
-2
-8
-8
-5
-7
-7
-10
-9
-9
0
-2
-3
-6
-8
-7
-2
-2
-1
-6
-6
-7
-6
-3
-2
-6
-5
-4
-1
-1
-2
-2
-3
-3
-2
-2
-2
-4
-2
-2
-2
-2
-2
-3
-5
-5
1438
-10
-1
0
-2
-4
-3
-2
-1
-1
-1
-2
-2
0
-1
-1
-1
-6
-5
-2
-1
0
-3
-3
-3
-1
0
-1
0
-2
-3
-2
-5
0
-5
-3
-3
-3
-3
-4
-3
-3
-3
-3
-3
-5
-2
-3
-3
-4
0
-7
-1
-1
-1
-2
-3
-4
-9
0
-8
-3
-6
-9
-10
-8
-4
-2
-1
-3
-4
-4
-3
-3
-2
-14
-7
-1
-1
-2
0
-5
-6
-1
-1
-1
-4
-7
-11
-6
-2
-1
-2
-3
-2
-1
-1
0
-1
0
-1